00000000000000000000000000000000
00000000000000200000000000000000
00000000000000000000000000000000
00000000000000000000000000000000
00000000000000300000000000000000
00000000000000000000000000000000
00000000000000000000000000000000
00000000000000000000000000000000
00000000000000000000000000000000
00000000000000000000000000000000
00000000000000300000000000000000
00000000000000000000000000000000
00000000000000000000000000000000
00000000000000000000000000000000
00000000000000000000000000000000
00000000000000000000000000000000
00000000000000000000000000000000
00000000000000000000000000000000
00000000000000900000000000000000
00000000000000000000000000000000
