00000000000000000000000000000000
00000000000000000000000000000000
00000000000000100000000000000000
00000000000000000000000001000000
00000000000000000000000000000000
00000000000000000000000000000000
00000000000000000000000000000000
00000000000000000000000000000000
00010000000000000000000000000000
02000000000000030000000001000000
00000900000000000000000000000000
00000000000000000000000000000000
00000000000000000000001000000000
00003000000000000000000000000000
00000000000000000000000000000000
00000000000000000000000000000000
00000000000000000000000000000000
00001000000000000000010000000000
00000000000000000000000000000000
00000000000000000000000000000000
